{
 "cells": [
  {
   "cell_type": "code",
   "execution_count": 6,
   "metadata": {},
   "outputs": [
    {
     "name": "stdout",
     "output_type": "stream",
     "text": [
      "               UDI  Air temperature [K]  Process temperature [K]  \\\n",
      "count  10000.00000         10000.000000             10000.000000   \n",
      "mean    5000.50000           300.004930               310.005560   \n",
      "std     2886.89568             2.000259                 1.483734   \n",
      "min        1.00000           295.300000               305.700000   \n",
      "25%     2500.75000           298.300000               308.800000   \n",
      "50%     5000.50000           300.100000               310.100000   \n",
      "75%     7500.25000           301.500000               311.100000   \n",
      "max    10000.00000           304.500000               313.800000   \n",
      "\n",
      "       Rotational speed [rpm]   Torque [Nm]  Tool wear [min]  Machine failure  \\\n",
      "count            10000.000000  10000.000000     10000.000000     10000.000000   \n",
      "mean              1538.776100     39.986910       107.951000         0.033900   \n",
      "std                179.284096      9.968934        63.654147         0.180981   \n",
      "min               1168.000000      3.800000         0.000000         0.000000   \n",
      "25%               1423.000000     33.200000        53.000000         0.000000   \n",
      "50%               1503.000000     40.100000       108.000000         0.000000   \n",
      "75%               1612.000000     46.800000       162.000000         0.000000   \n",
      "max               2886.000000     76.600000       253.000000         1.000000   \n",
      "\n",
      "                TWF           HDF           PWF           OSF          RNF  \\\n",
      "count  10000.000000  10000.000000  10000.000000  10000.000000  10000.00000   \n",
      "mean       0.004600      0.011500      0.009500      0.009800      0.00190   \n",
      "std        0.067671      0.106625      0.097009      0.098514      0.04355   \n",
      "min        0.000000      0.000000      0.000000      0.000000      0.00000   \n",
      "25%        0.000000      0.000000      0.000000      0.000000      0.00000   \n",
      "50%        0.000000      0.000000      0.000000      0.000000      0.00000   \n",
      "75%        0.000000      0.000000      0.000000      0.000000      0.00000   \n",
      "max        1.000000      1.000000      1.000000      1.000000      1.00000   \n",
      "\n",
      "         delta_temp         power    overstrain  \n",
      "count  10000.000000  10000.000000  10000.000000  \n",
      "mean      10.000630   6279.744953   4314.664550  \n",
      "std        1.001094   1067.418295   2826.567692  \n",
      "min        7.600000   1148.440610      0.000000  \n",
      "25%        9.300000   5561.184484   1963.650000  \n",
      "50%        9.800000   6271.027344   4012.950000  \n",
      "75%       11.000000   7003.002724   6279.000000  \n",
      "max       12.100000  10469.923005  16497.000000  \n"
     ]
    },
    {
     "data": {
      "application/vnd.plotly.v1+json": {
       "config": {
        "plotlyServerURL": "https://plot.ly"
       },
       "data": [
        {
         "coloraxis": "coloraxis",
         "hovertemplate": "x: %{x}<br>y: %{y}<br>color: %{z}<extra></extra>",
         "name": "0",
         "texttemplate": "%{z}",
         "type": "heatmap",
         "x": [
          "UDI",
          "Air temperature [K]",
          "Process temperature [K]",
          "Rotational speed [rpm]",
          "Torque [Nm]",
          "Tool wear [min]",
          "Machine failure",
          "TWF",
          "HDF",
          "PWF",
          "OSF",
          "RNF",
          "delta_temp",
          "power",
          "overstrain"
         ],
         "xaxis": "x",
         "y": [
          "UDI",
          "Air temperature [K]",
          "Process temperature [K]",
          "Rotational speed [rpm]",
          "Torque [Nm]",
          "Tool wear [min]",
          "Machine failure",
          "TWF",
          "HDF",
          "PWF",
          "OSF",
          "RNF",
          "delta_temp",
          "power",
          "overstrain"
         ],
         "yaxis": "y",
         "z": [
          [
           1,
           0.11742794602012077,
           0.32442814519255553,
           -0.006614868271097227,
           0.0032065864720409163,
           -0.010702006592224334,
           -0.02289180554800686,
           0.00915438096088223,
           -0.022214737201857973,
           -0.02355655931943335,
           -0.0009902589512687,
           -0.005953736224204144,
           0.24620956487136428,
           0.004150478452401764,
           -0.011044480743225248
          ],
          [
           0.11742794602012077,
           1,
           0.8761071581166637,
           0.022670458795535774,
           -0.013777823050932982,
           0.013852827663160141,
           0.08255568978322685,
           0.009954723891485634,
           0.1378309392396398,
           0.003469509144179697,
           0.001987920908400875,
           0.017687681906713427,
           -0.6995832996095934,
           -0.011473944192318421,
           0.006981071853532748
          ],
          [
           0.32442814519255553,
           0.8761071581166637,
           1,
           0.019276713901797683,
           -0.01406061311689268,
           0.013487517120005912,
           0.03594597332975212,
           0.007315343597062576,
           0.056932883720026375,
           -0.003354762749440905,
           0.004553517341091412,
           0.022278920038438035,
           -0.2684131373022985,
           -0.010951783069595824,
           0.006003267991639006
          ],
          [
           -0.006614868271097227,
           0.022670458795535774,
           0.019276713901797683,
           1,
           -0.8750270862996037,
           0.00022308484018726584,
           -0.044187559734375326,
           0.010389052615371083,
           -0.12124069274241696,
           0.12301783801418721,
           -0.10457471184668732,
           -0.013087570245775254,
           -0.016726965833333003,
           -0.8055837074013524,
           -0.3312774549518562
          ],
          [
           0.0032065864720409163,
           -0.013777823050932982,
           -0.01406061311689268,
           -0.8750270862996037,
           1,
           -0.003092781440768214,
           0.1913207750594941,
           -0.014661627020794097,
           0.14261018182526625,
           0.08378107782507345,
           0.18346479499435533,
           0.016136499193894142,
           0.006689680107745286,
           0.978828270898221,
           0.3770376871446869
          ],
          [
           -0.010702006592224334,
           0.013852827663160141,
           0.013487517120005912,
           0.00022308484018726584,
           -0.003092781440768214,
           1,
           0.1054482189195948,
           0.11579205693772597,
           -0.0012873458573417023,
           -0.00933444503668099,
           0.15589367162712098,
           0.011325708790174048,
           -0.007688937875154033,
           -0.003193320576829369,
           0.8975201670545327
          ],
          [
           -0.02289180554800686,
           0.08255568978322685,
           0.03594597332975212,
           -0.044187559734375326,
           0.1913207750594941,
           0.1054482189195948,
           1,
           0.3629036110061269,
           0.575800152156236,
           0.5228122496269632,
           0.53108345118019,
           0.004515993098786912,
           -0.11167631166572645,
           0.17603907812460767,
           0.19042683341297006
          ],
          [
           0.00915438096088223,
           0.009954723891485634,
           0.007315343597062576,
           0.010389052615371083,
           -0.014661627020794097,
           0.11579205693772597,
           0.3629036110061269,
           1,
           -0.007332307685911678,
           0.008577122607266046,
           0.03824297564601235,
           0.03096983575426313,
           -0.009048100352262172,
           -0.016585919296862806,
           0.0931780916819137
          ],
          [
           -0.022214737201857973,
           0.1378309392396398,
           0.056932883720026375,
           -0.12124069274241696,
           0.14261018182526625,
           -0.0012873458573417023,
           0.575800152156236,
           -0.007332307685911678,
           1,
           0.01844328371239209,
           0.04639643969326846,
           -0.004705983022176327,
           -0.19101533020835273,
           0.11655639905356305,
           0.052956862083940036
          ],
          [
           -0.02355655931943335,
           0.003469509144179697,
           -0.003354762749440905,
           0.12301783801418721,
           0.08378107782507345,
           -0.00933444503668099,
           0.5228122496269632,
           0.008577122607266046,
           0.01844328371239209,
           1,
           0.11583634508114332,
           -0.00427291580475778,
           -0.01190447081734281,
           0.08919127425039731,
           0.024394653961300573
          ],
          [
           -0.0009902589512687,
           0.001987920908400875,
           0.004553517341091412,
           -0.10457471184668732,
           0.18346479499435533,
           0.15589367162712098,
           0.53108345118019,
           0.03824297564601235,
           0.04639643969326846,
           0.11583634508114332,
           1,
           -0.004340515880820102,
           0.0027768161216002807,
           0.18179356801351473,
           0.2728638492650276
          ],
          [
           -0.005953736224204144,
           0.017687681906713427,
           0.022278920038438035,
           -0.013087570245775254,
           0.016136499193894142,
           0.011325708790174048,
           0.004515993098786912,
           0.03096983575426313,
           -0.004705983022176327,
           -0.00427291580475778,
           -0.004340515880820102,
           1,
           -0.00232140410600322,
           0.016594184059372068,
           0.01573931456579358
          ],
          [
           0.24620956487136428,
           -0.6995832996095934,
           -0.2684131373022985,
           -0.016726965833333003,
           0.006689680107745286,
           -0.007688937875154033,
           -0.11167631166572645,
           -0.009048100352262172,
           -0.19101533020835273,
           -0.01190447081734281,
           0.0027768161216002807,
           -0.00232140410600322,
           1,
           0.006693999214865067,
           -0.005051170410344815
          ],
          [
           0.004150478452401764,
           -0.011473944192318421,
           -0.010951783069595824,
           -0.8055837074013524,
           0.978828270898221,
           -0.003193320576829369,
           0.17603907812460767,
           -0.016585919296862806,
           0.11655639905356305,
           0.08919127425039731,
           0.18179356801351473,
           0.016594184059372068,
           0.006693999214865067,
           1,
           0.3688417157764323
          ],
          [
           -0.011044480743225248,
           0.006981071853532748,
           0.006003267991639006,
           -0.3312774549518562,
           0.3770376871446869,
           0.8975201670545327,
           0.19042683341297006,
           0.0931780916819137,
           0.052956862083940036,
           0.024394653961300573,
           0.2728638492650276,
           0.01573931456579358,
           -0.005051170410344815,
           0.3688417157764323,
           1
          ]
         ]
        }
       ],
       "layout": {
        "coloraxis": {
         "colorscale": [
          [
           0,
           "#440154"
          ],
          [
           0.1111111111111111,
           "#482878"
          ],
          [
           0.2222222222222222,
           "#3e4989"
          ],
          [
           0.3333333333333333,
           "#31688e"
          ],
          [
           0.4444444444444444,
           "#26828e"
          ],
          [
           0.5555555555555556,
           "#1f9e89"
          ],
          [
           0.6666666666666666,
           "#35b779"
          ],
          [
           0.7777777777777778,
           "#6ece58"
          ],
          [
           0.8888888888888888,
           "#b5de2b"
          ],
          [
           1,
           "#fde725"
          ]
         ]
        },
        "margin": {
         "t": 60
        },
        "template": {
         "data": {
          "bar": [
           {
            "error_x": {
             "color": "#2a3f5f"
            },
            "error_y": {
             "color": "#2a3f5f"
            },
            "marker": {
             "line": {
              "color": "#E5ECF6",
              "width": 0.5
             },
             "pattern": {
              "fillmode": "overlay",
              "size": 10,
              "solidity": 0.2
             }
            },
            "type": "bar"
           }
          ],
          "barpolar": [
           {
            "marker": {
             "line": {
              "color": "#E5ECF6",
              "width": 0.5
             },
             "pattern": {
              "fillmode": "overlay",
              "size": 10,
              "solidity": 0.2
             }
            },
            "type": "barpolar"
           }
          ],
          "carpet": [
           {
            "aaxis": {
             "endlinecolor": "#2a3f5f",
             "gridcolor": "white",
             "linecolor": "white",
             "minorgridcolor": "white",
             "startlinecolor": "#2a3f5f"
            },
            "baxis": {
             "endlinecolor": "#2a3f5f",
             "gridcolor": "white",
             "linecolor": "white",
             "minorgridcolor": "white",
             "startlinecolor": "#2a3f5f"
            },
            "type": "carpet"
           }
          ],
          "choropleth": [
           {
            "colorbar": {
             "outlinewidth": 0,
             "ticks": ""
            },
            "type": "choropleth"
           }
          ],
          "contour": [
           {
            "colorbar": {
             "outlinewidth": 0,
             "ticks": ""
            },
            "colorscale": [
             [
              0,
              "#0d0887"
             ],
             [
              0.1111111111111111,
              "#46039f"
             ],
             [
              0.2222222222222222,
              "#7201a8"
             ],
             [
              0.3333333333333333,
              "#9c179e"
             ],
             [
              0.4444444444444444,
              "#bd3786"
             ],
             [
              0.5555555555555556,
              "#d8576b"
             ],
             [
              0.6666666666666666,
              "#ed7953"
             ],
             [
              0.7777777777777778,
              "#fb9f3a"
             ],
             [
              0.8888888888888888,
              "#fdca26"
             ],
             [
              1,
              "#f0f921"
             ]
            ],
            "type": "contour"
           }
          ],
          "contourcarpet": [
           {
            "colorbar": {
             "outlinewidth": 0,
             "ticks": ""
            },
            "type": "contourcarpet"
           }
          ],
          "heatmap": [
           {
            "colorbar": {
             "outlinewidth": 0,
             "ticks": ""
            },
            "colorscale": [
             [
              0,
              "#0d0887"
             ],
             [
              0.1111111111111111,
              "#46039f"
             ],
             [
              0.2222222222222222,
              "#7201a8"
             ],
             [
              0.3333333333333333,
              "#9c179e"
             ],
             [
              0.4444444444444444,
              "#bd3786"
             ],
             [
              0.5555555555555556,
              "#d8576b"
             ],
             [
              0.6666666666666666,
              "#ed7953"
             ],
             [
              0.7777777777777778,
              "#fb9f3a"
             ],
             [
              0.8888888888888888,
              "#fdca26"
             ],
             [
              1,
              "#f0f921"
             ]
            ],
            "type": "heatmap"
           }
          ],
          "heatmapgl": [
           {
            "colorbar": {
             "outlinewidth": 0,
             "ticks": ""
            },
            "colorscale": [
             [
              0,
              "#0d0887"
             ],
             [
              0.1111111111111111,
              "#46039f"
             ],
             [
              0.2222222222222222,
              "#7201a8"
             ],
             [
              0.3333333333333333,
              "#9c179e"
             ],
             [
              0.4444444444444444,
              "#bd3786"
             ],
             [
              0.5555555555555556,
              "#d8576b"
             ],
             [
              0.6666666666666666,
              "#ed7953"
             ],
             [
              0.7777777777777778,
              "#fb9f3a"
             ],
             [
              0.8888888888888888,
              "#fdca26"
             ],
             [
              1,
              "#f0f921"
             ]
            ],
            "type": "heatmapgl"
           }
          ],
          "histogram": [
           {
            "marker": {
             "pattern": {
              "fillmode": "overlay",
              "size": 10,
              "solidity": 0.2
             }
            },
            "type": "histogram"
           }
          ],
          "histogram2d": [
           {
            "colorbar": {
             "outlinewidth": 0,
             "ticks": ""
            },
            "colorscale": [
             [
              0,
              "#0d0887"
             ],
             [
              0.1111111111111111,
              "#46039f"
             ],
             [
              0.2222222222222222,
              "#7201a8"
             ],
             [
              0.3333333333333333,
              "#9c179e"
             ],
             [
              0.4444444444444444,
              "#bd3786"
             ],
             [
              0.5555555555555556,
              "#d8576b"
             ],
             [
              0.6666666666666666,
              "#ed7953"
             ],
             [
              0.7777777777777778,
              "#fb9f3a"
             ],
             [
              0.8888888888888888,
              "#fdca26"
             ],
             [
              1,
              "#f0f921"
             ]
            ],
            "type": "histogram2d"
           }
          ],
          "histogram2dcontour": [
           {
            "colorbar": {
             "outlinewidth": 0,
             "ticks": ""
            },
            "colorscale": [
             [
              0,
              "#0d0887"
             ],
             [
              0.1111111111111111,
              "#46039f"
             ],
             [
              0.2222222222222222,
              "#7201a8"
             ],
             [
              0.3333333333333333,
              "#9c179e"
             ],
             [
              0.4444444444444444,
              "#bd3786"
             ],
             [
              0.5555555555555556,
              "#d8576b"
             ],
             [
              0.6666666666666666,
              "#ed7953"
             ],
             [
              0.7777777777777778,
              "#fb9f3a"
             ],
             [
              0.8888888888888888,
              "#fdca26"
             ],
             [
              1,
              "#f0f921"
             ]
            ],
            "type": "histogram2dcontour"
           }
          ],
          "mesh3d": [
           {
            "colorbar": {
             "outlinewidth": 0,
             "ticks": ""
            },
            "type": "mesh3d"
           }
          ],
          "parcoords": [
           {
            "line": {
             "colorbar": {
              "outlinewidth": 0,
              "ticks": ""
             }
            },
            "type": "parcoords"
           }
          ],
          "pie": [
           {
            "automargin": true,
            "type": "pie"
           }
          ],
          "scatter": [
           {
            "fillpattern": {
             "fillmode": "overlay",
             "size": 10,
             "solidity": 0.2
            },
            "type": "scatter"
           }
          ],
          "scatter3d": [
           {
            "line": {
             "colorbar": {
              "outlinewidth": 0,
              "ticks": ""
             }
            },
            "marker": {
             "colorbar": {
              "outlinewidth": 0,
              "ticks": ""
             }
            },
            "type": "scatter3d"
           }
          ],
          "scattercarpet": [
           {
            "marker": {
             "colorbar": {
              "outlinewidth": 0,
              "ticks": ""
             }
            },
            "type": "scattercarpet"
           }
          ],
          "scattergeo": [
           {
            "marker": {
             "colorbar": {
              "outlinewidth": 0,
              "ticks": ""
             }
            },
            "type": "scattergeo"
           }
          ],
          "scattergl": [
           {
            "marker": {
             "colorbar": {
              "outlinewidth": 0,
              "ticks": ""
             }
            },
            "type": "scattergl"
           }
          ],
          "scattermapbox": [
           {
            "marker": {
             "colorbar": {
              "outlinewidth": 0,
              "ticks": ""
             }
            },
            "type": "scattermapbox"
           }
          ],
          "scatterpolar": [
           {
            "marker": {
             "colorbar": {
              "outlinewidth": 0,
              "ticks": ""
             }
            },
            "type": "scatterpolar"
           }
          ],
          "scatterpolargl": [
           {
            "marker": {
             "colorbar": {
              "outlinewidth": 0,
              "ticks": ""
             }
            },
            "type": "scatterpolargl"
           }
          ],
          "scatterternary": [
           {
            "marker": {
             "colorbar": {
              "outlinewidth": 0,
              "ticks": ""
             }
            },
            "type": "scatterternary"
           }
          ],
          "surface": [
           {
            "colorbar": {
             "outlinewidth": 0,
             "ticks": ""
            },
            "colorscale": [
             [
              0,
              "#0d0887"
             ],
             [
              0.1111111111111111,
              "#46039f"
             ],
             [
              0.2222222222222222,
              "#7201a8"
             ],
             [
              0.3333333333333333,
              "#9c179e"
             ],
             [
              0.4444444444444444,
              "#bd3786"
             ],
             [
              0.5555555555555556,
              "#d8576b"
             ],
             [
              0.6666666666666666,
              "#ed7953"
             ],
             [
              0.7777777777777778,
              "#fb9f3a"
             ],
             [
              0.8888888888888888,
              "#fdca26"
             ],
             [
              1,
              "#f0f921"
             ]
            ],
            "type": "surface"
           }
          ],
          "table": [
           {
            "cells": {
             "fill": {
              "color": "#EBF0F8"
             },
             "line": {
              "color": "white"
             }
            },
            "header": {
             "fill": {
              "color": "#C8D4E3"
             },
             "line": {
              "color": "white"
             }
            },
            "type": "table"
           }
          ]
         },
         "layout": {
          "annotationdefaults": {
           "arrowcolor": "#2a3f5f",
           "arrowhead": 0,
           "arrowwidth": 1
          },
          "autotypenumbers": "strict",
          "coloraxis": {
           "colorbar": {
            "outlinewidth": 0,
            "ticks": ""
           }
          },
          "colorscale": {
           "diverging": [
            [
             0,
             "#8e0152"
            ],
            [
             0.1,
             "#c51b7d"
            ],
            [
             0.2,
             "#de77ae"
            ],
            [
             0.3,
             "#f1b6da"
            ],
            [
             0.4,
             "#fde0ef"
            ],
            [
             0.5,
             "#f7f7f7"
            ],
            [
             0.6,
             "#e6f5d0"
            ],
            [
             0.7,
             "#b8e186"
            ],
            [
             0.8,
             "#7fbc41"
            ],
            [
             0.9,
             "#4d9221"
            ],
            [
             1,
             "#276419"
            ]
           ],
           "sequential": [
            [
             0,
             "#0d0887"
            ],
            [
             0.1111111111111111,
             "#46039f"
            ],
            [
             0.2222222222222222,
             "#7201a8"
            ],
            [
             0.3333333333333333,
             "#9c179e"
            ],
            [
             0.4444444444444444,
             "#bd3786"
            ],
            [
             0.5555555555555556,
             "#d8576b"
            ],
            [
             0.6666666666666666,
             "#ed7953"
            ],
            [
             0.7777777777777778,
             "#fb9f3a"
            ],
            [
             0.8888888888888888,
             "#fdca26"
            ],
            [
             1,
             "#f0f921"
            ]
           ],
           "sequentialminus": [
            [
             0,
             "#0d0887"
            ],
            [
             0.1111111111111111,
             "#46039f"
            ],
            [
             0.2222222222222222,
             "#7201a8"
            ],
            [
             0.3333333333333333,
             "#9c179e"
            ],
            [
             0.4444444444444444,
             "#bd3786"
            ],
            [
             0.5555555555555556,
             "#d8576b"
            ],
            [
             0.6666666666666666,
             "#ed7953"
            ],
            [
             0.7777777777777778,
             "#fb9f3a"
            ],
            [
             0.8888888888888888,
             "#fdca26"
            ],
            [
             1,
             "#f0f921"
            ]
           ]
          },
          "colorway": [
           "#636efa",
           "#EF553B",
           "#00cc96",
           "#ab63fa",
           "#FFA15A",
           "#19d3f3",
           "#FF6692",
           "#B6E880",
           "#FF97FF",
           "#FECB52"
          ],
          "font": {
           "color": "#2a3f5f"
          },
          "geo": {
           "bgcolor": "white",
           "lakecolor": "white",
           "landcolor": "#E5ECF6",
           "showlakes": true,
           "showland": true,
           "subunitcolor": "white"
          },
          "hoverlabel": {
           "align": "left"
          },
          "hovermode": "closest",
          "mapbox": {
           "style": "light"
          },
          "paper_bgcolor": "white",
          "plot_bgcolor": "#E5ECF6",
          "polar": {
           "angularaxis": {
            "gridcolor": "white",
            "linecolor": "white",
            "ticks": ""
           },
           "bgcolor": "#E5ECF6",
           "radialaxis": {
            "gridcolor": "white",
            "linecolor": "white",
            "ticks": ""
           }
          },
          "scene": {
           "xaxis": {
            "backgroundcolor": "#E5ECF6",
            "gridcolor": "white",
            "gridwidth": 2,
            "linecolor": "white",
            "showbackground": true,
            "ticks": "",
            "zerolinecolor": "white"
           },
           "yaxis": {
            "backgroundcolor": "#E5ECF6",
            "gridcolor": "white",
            "gridwidth": 2,
            "linecolor": "white",
            "showbackground": true,
            "ticks": "",
            "zerolinecolor": "white"
           },
           "zaxis": {
            "backgroundcolor": "#E5ECF6",
            "gridcolor": "white",
            "gridwidth": 2,
            "linecolor": "white",
            "showbackground": true,
            "ticks": "",
            "zerolinecolor": "white"
           }
          },
          "shapedefaults": {
           "line": {
            "color": "#2a3f5f"
           }
          },
          "ternary": {
           "aaxis": {
            "gridcolor": "white",
            "linecolor": "white",
            "ticks": ""
           },
           "baxis": {
            "gridcolor": "white",
            "linecolor": "white",
            "ticks": ""
           },
           "bgcolor": "#E5ECF6",
           "caxis": {
            "gridcolor": "white",
            "linecolor": "white",
            "ticks": ""
           }
          },
          "title": {
           "x": 0.05
          },
          "xaxis": {
           "automargin": true,
           "gridcolor": "white",
           "linecolor": "white",
           "ticks": "",
           "title": {
            "standoff": 15
           },
           "zerolinecolor": "white",
           "zerolinewidth": 2
          },
          "yaxis": {
           "automargin": true,
           "gridcolor": "white",
           "linecolor": "white",
           "ticks": "",
           "title": {
            "standoff": 15
           },
           "zerolinecolor": "white",
           "zerolinewidth": 2
          }
         }
        },
        "title": {
         "text": "Correlation Heatmap with Numeric Features"
        },
        "xaxis": {
         "anchor": "y",
         "domain": [
          0,
          1
         ]
        },
        "yaxis": {
         "anchor": "x",
         "autorange": "reversed",
         "domain": [
          0,
          1
         ]
        }
       }
      }
     },
     "metadata": {},
     "output_type": "display_data"
    },
    {
     "data": {
      "application/vnd.plotly.v1+json": {
       "config": {
        "plotlyServerURL": "https://plot.ly"
       },
       "data": [
        {
         "alignmentgroup": "True",
         "bingroup": "x",
         "hovertemplate": "Machine failure=%{x}<br>count=%{y}<extra></extra>",
         "legendgroup": "0",
         "marker": {
          "color": "#636efa",
          "pattern": {
           "shape": ""
          }
         },
         "name": "0",
         "offsetgroup": "0",
         "orientation": "v",
         "showlegend": true,
         "type": "histogram",
         "x": [
          0,
          0,
          0,
          0,
          0,
          0,
          0,
          0,
          0,
          0,
          0,
          0,
          0,
          0,
          0,
          0,
          0,
          0,
          0,
          0,
          0,
          0,
          0,
          0,
          0,
          0,
          0,
          0,
          0,
          0,
          0,
          0,
          0,
          0,
          0,
          0,
          0,
          0,
          0,
          0,
          0,
          0,
          0,
          0,
          0,
          0,
          0,
          0,
          0,
          0,
          0,
          0,
          0,
          0,
          0,
          0,
          0,
          0,
          0,
          0,
          0,
          0,
          0,
          0,
          0,
          0,
          0,
          0,
          0,
          0,
          0,
          0,
          0,
          0,
          0,
          0,
          0,
          0,
          0,
          0,
          0,
          0,
          0,
          0,
          0,
          0,
          0,
          0,
          0,
          0,
          0,
          0,
          0,
          0,
          0,
          0,
          0,
          0,
          0,
          0,
          0,
          0,
          0,
          0,
          0,
          0,
          0,
          0,
          0,
          0,
          0,
          0,
          0,
          0,
          0,
          0,
          0,
          0,
          0,
          0,
          0,
          0,
          0,
          0,
          0,
          0,
          0,
          0,
          0,
          0,
          0,
          0,
          0,
          0,
          0,
          0,
          0,
          0,
          0,
          0,
          0,
          0,
          0,
          0,
          0,
          0,
          0,
          0,
          0,
          0,
          0,
          0,
          0,
          0,
          0,
          0,
          0,
          0,
          0,
          0,
          0,
          0,
          0,
          0,
          0,
          0,
          0,
          0,
          0,
          0,
          0,
          0,
          0,
          0,
          0,
          0,
          0,
          0,
          0,
          0,
          0,
          0,
          0,
          0,
          0,
          0,
          0,
          0,
          0,
          0,
          0,
          0,
          0,
          0,
          0,
          0,
          0,
          0,
          0,
          0,
          0,
          0,
          0,
          0,
          0,
          0,
          0,
          0,
          0,
          0,
          0,
          0,
          0,
          0,
          0,
          0,
          0,
          0,
          0,
          0,
          0,
          0,
          0,
          0,
          0,
          0,
          0,
          0,
          0,
          0,
          0,
          0,
          0,
          0,
          0,
          0,
          0,
          0,
          0,
          0,
          0,
          0,
          0,
          0,
          0,
          0,
          0,
          0,
          0,
          0,
          0,
          0,
          0,
          0,
          0,
          0,
          0,
          0,
          0,
          0,
          0,
          0,
          0,
          0,
          0,
          0,
          0,
          0,
          0,
          0,
          0,
          0,
          0,
          0,
          0,
          0,
          0,
          0,
          0,
          0,
          0,
          0,
          0,
          0,
          0,
          0,
          0,
          0,
          0,
          0,
          0,
          0,
          0,
          0,
          0,
          0,
          0,
          0,
          0,
          0,
          0,
          0,
          0,
          0,
          0,
          0,
          0,
          0,
          0,
          0,
          0,
          0,
          0,
          0,
          0,
          0,
          0,
          0,
          0,
          0,
          0,
          0,
          0,
          0,
          0,
          0,
          0,
          0,
          0,
          0,
          0,
          0,
          0,
          0,
          0,
          0,
          0,
          0,
          0,
          0,
          0,
          0,
          0,
          0,
          0,
          0,
          0,
          0,
          0,
          0,
          0,
          0,
          0,
          0,
          0,
          0,
          0,
          0,
          0,
          0,
          0,
          0,
          0,
          0,
          0,
          0,
          0,
          0,
          0,
          0,
          0,
          0,
          0,
          0,
          0,
          0,
          0,
          0,
          0,
          0,
          0,
          0,
          0,
          0,
          0,
          0,
          0,
          0,
          0,
          0,
          0,
          0,
          0,
          0,
          0,
          0,
          0,
          0,
          0,
          0,
          0,
          0,
          0,
          0,
          0,
          0,
          0,
          0,
          0,
          0,
          0,
          0,
          0,
          0,
          0,
          0,
          0,
          0,
          0,
          0,
          0,
          0,
          0,
          0,
          0,
          0,
          0,
          0,
          0,
          0,
          0,
          0,
          0,
          0,
          0,
          0,
          0,
          0,
          0,
          0,
          0,
          0,
          0,
          0,
          0,
          0,
          0,
          0,
          0,
          0,
          0,
          0,
          0,
          0,
          0,
          0,
          0,
          0,
          0,
          0,
          0,
          0,
          0,
          0,
          0,
          0,
          0,
          0,
          0,
          0,
          0,
          0,
          0,
          0,
          0,
          0,
          0,
          0,
          0,
          0,
          0,
          0,
          0,
          0,
          0,
          0,
          0,
          0,
          0,
          0,
          0,
          0,
          0,
          0,
          0,
          0,
          0,
          0,
          0,
          0,
          0,
          0,
          0,
          0,
          0,
          0,
          0,
          0,
          0,
          0,
          0,
          0,
          0,
          0,
          0,
          0,
          0,
          0,
          0,
          0,
          0,
          0,
          0,
          0,
          0,
          0,
          0,
          0,
          0,
          0,
          0,
          0,
          0,
          0,
          0,
          0,
          0,
          0,
          0,
          0,
          0,
          0,
          0,
          0,
          0,
          0,
          0,
          0,
          0,
          0,
          0,
          0,
          0,
          0,
          0,
          0,
          0,
          0,
          0,
          0,
          0,
          0,
          0,
          0,
          0,
          0,
          0,
          0,
          0,
          0,
          0,
          0,
          0,
          0,
          0,
          0,
          0,
          0,
          0,
          0,
          0,
          0,
          0,
          0,
          0,
          0,
          0,
          0,
          0,
          0,
          0,
          0,
          0,
          0,
          0,
          0,
          0,
          0,
          0,
          0,
          0,
          0,
          0,
          0,
          0,
          0,
          0,
          0,
          0,
          0,
          0,
          0,
          0,
          0,
          0,
          0,
          0,
          0,
          0,
          0,
          0,
          0,
          0,
          0,
          0,
          0,
          0,
          0,
          0,
          0,
          0,
          0,
          0,
          0,
          0,
          0,
